1,C,Tucker Barnhart*,31,94,308,281,16,62,10,0,1,16,0,0,25,74,.221,.287,.267,.554,64,75,7,1,1,0,0,barnhtu01
2,1B,Spencer Torkelson,22,109,400,357,37,73,16,1,8,28,0,1,36,98,.204,.285,.322,.607,77,115,12,5,0,2,0,torkesp01
3,Dr. Schoop,30,130,506,477,48,97,23,1,11,38,5,0,19,106,.203,.241,.325,.566,64,155,15,6,0,4,1,schoojo01
4,SS,Javier Baez,29,143,587,552,64,131,27,4,17,66,9,2,26,147,.237,.278,.393,.671,94,217,13,6,0,3,1,baezja01
5,3B,Jeimer Candelario#,28,123,463,425,49,91,19,2,13,49,0,1,28,108,.214,.270,.360,.630,82,153,9,6,0,4,1,candeje01
6,LF,Akil Baddoo*,23,72,220,196,30,40,3,2,2,9,9,6,24,61,.204,.291,.270,.561,66,53,2,0,0,0,0,baddoak01
7, Ms Riley Greene*,21,92,414,372,46,93,18,4,5,41,1,4,36,119,.250,.319,.360,.679,99,134,8,3,0,3,0,greenri03
8,RF,Victor Reyes#,27,92,336,315,27,80,19,3,3,34,2,2,13,77,.254,.289,.362,.651,89,114,7,4,0,4,0,reyesvi01
9,DH,Mr. & Mrs. Miguel Cabrera,39,112,433,397,25,101,10,0,5,43,1,0,28,101,.254,.305,.317,.622,83,126,11,3,0,5,3,cabremi01
10,CI,Rev Harold Castro*,28,120,443,420,37,114,21,2,7,47,0,1,17,79,.271,.300,.381,.681,98,160,5,1,3,2,1,castrha01
11,OF,Willi Castro# (10-day IL),25,112,392,365,47,88,18,2,8,31,9,4,15,82,.241,.284,.367,.651,89,134,4,8,1,3,0,castrwi01
12,C,Eric Haase,29,109,347,319,40,81,16,1,14,44,0,0,24,95,.254,.305,.442,.747,115,141,9,1,0,3,1,haaseer01
13,OF,Robbie Grossman#,32,83,320,273,24,56,13,1,2,23,3,1,38,90,.205,.313,.282,.595,76,77,2,6,0,3,0,grossro01
14,OF,Fr. Austin Meadows* (60-day IL),27,36,147,128,9,32,6,2,0,11,0,1,16,17,.250,.347,.328,.675,99,42,2,3,0,0,0,meadoau01
15,UT,Kody Clemens*,26,55,126,116,13,17,4,0,5,17,1,0,8,33,.147,.198,.310,.509,46,36,1,0,0,2,0,clemeko01
16,OF,Mrs Carpenter* (10-day IL),24,31,113,103,16,26,4,1,6,10,0,0,6,32,.252,.310,.485,.795,128,50,0,3,0,1,0,carpeke01
17,CF,Derek Hill,26,31,92,83,8,19,2,0,1,3,3,0,5,28,.229,.270,.289,.559,64,24,0,0,3,1,0,hillde01
18,IF,Ryan Kreidler,24,25,80,69,8,13,1,0,1,6,0,1,6,21,.188,.256,.246,.503,48,17,0,1,2,2,0,kreidry01
19,OF,Daz Cameron (40-man),25,21,70,64,6,14,3,1,1,8,2,0,5,20,.219,.286,.344,.629,83,22,1,1,0,0,0,camerda01
20,MI,Zack Short (40-man),27,6,13,9,2,0,0,0,0,2,1,0,2,5,.000,.154,.000,.154,-49,0,0,0,0,2,0,shortza01
21,C,Br Dustin Garneau,34,8,11,10,1,3,1,0,0,1,0,0,1,4,.300,.364,.400,.764,124,4,0,0,0,0,0,garnedu01
22,UT,Mx. Brendon Davis,24,2,7,7,0,1,0,0,0,0,0,0,0,3,.143,.143,.143,.286,-16,1,0,0,0,0,0,davisbr04
23,DH,Josh Lester* (40-man),27,2,5,5,0,0,0,0,0,0,0,0,0,3,.000,.000,.000,.000,-100,0,0,0,0,0,0,lestejo02
24,P,Tarik Skubal (60-day IL),25,0,0,,,,,,,,,,,,,,,,,,,,,,,skubata01
25,P,Alex Lange,26,0,0,,,,,,,,,,,,,,,,,,,,,,,langeal01
26,P,Casey Mize (60-day IL),25,0,0,,,,,,,,,,,,,,,,,,,,,,,mizeca01
27,P,Drew Hutchison*,31,0,0,,,,,,,,,,,,,,,,,,,,,,,hutchdr01
28,P,Andrew Chafin,32,0,0,,,,,,,,,,,,,,,,,,,,,,,chafian01
29,P,Will Vest,27,0,0,,,,,,,,,,,,,,,,,,,,,,,vestwi01
30,P,Drew Carlton,26,0,0,,,,,,,,,,,,,,,,,,,,,,,carltdr01
31,P,Wily Peralta,33,0,0,,,,,,,,,,,,,,,,,,,,,,,peralwi01
32,P,Joey Wentz* (40-man),24,0,0,,,,,,,,,,,,,,,,,,,,,,,wentzjo01
33,P,Angel De Jesus,25,0,0,,,,,,,,,,,,,,,,,,,,,,,dejesan01
34,P,Elvin Rodriguez,24,0,0,,,,,,,,,,,,,,,,,,,,,,,rodriel02
35,P,Joe Jimenez (15-day IL),27,0,0,,,,,,,,,,,,,,,,,,,,,,,jimenjo02
36,P,Rony Garcia (60-day IL),24,0,0,,,,,,,,,,,,,,,,,,,,,,,garciro03
37,P,Bryan Garcia,27,0,0,,,,,,,,,,,,,,,,,,,,,,,garcibr01
38,P,Tyler Alexander,27,0,0,,,,,,,,,,,,,,,,,,,,,,,alexaty01
39,P,Beau Brieske (60-day IL),24,0,0,,,,,,,,,,,,,,,,,,,,,,,briesbe01
40,P,Eduardo Rodriguez*,29,0,0,,,,,,,,,,,,,,,,,,,,,,,rodried05
41,P,Miguel Diaz,27,0,0,,,,,,,,,,,,,,,,,,,,,,,diazmi02
42,P,Garrett Hill,26,0,0,,,,,,,,,,,,,,,,,,,,,,,hillga02
43,P,Jose Cisnero,33,0,0,,,,,,,,,,,,,,,,,,,,,,,cisnejo01
44,P,Jason Foley,26,0,0,,,,,,,,,,,,,,,,,,,,,,,foleyja01
45,P,Matt Manning (60-day IL),24,0,0,0,0,0,0,0,0,0,0,0,0,0,,,,,,0,0,0,0,0,0,mannima02
46,P,Alex Faedo (60-day IL),26,0,0,,,,,,,,,,,,,,,,,,,,,,,faedoal01
47,P,Derek Law,31,0,0,,,,,,,,,,,,,,,,,,,,,,,lawde01
48,P,Michael Fulmer,29,0,0,,,,,,,,,,,,,,,,,,,,,,,fulmemi01
49,P,Gregory Soto*,27,0,0,,,,,,,,,,,,,,,,,,,,,,,sotogr01
50,P,Daniel Norris*,29,0,0,,,,,,,,,,,,,,,,,,,,,,,norrida01
51,P,Michael Pineda,33,0,0,,,,,,,,,,,,,,,,,,,,,,,pinedmi01
52,P,Luis Castillo (40-man),27,0,0,,,,,,,,,,,,,,,,,,,,,,,castilu03
53,P,Jacob Barnes,32,0,0,,,,,,,,,,,,,,,,,,,,,,,barneja01

